Webots Project File version R2025a
perspectives: 000000ff00000000fd0000000300000000000001ca0000039ffc0200000001fb00000012005300630065006e0065005400720065006501000000000000039f000000000000000000000001000000cf000002dffc0200000001fb0000001400540065007800740045006400690074006f00720000000015000002df0000003f00ffffff000000030000078000000230fc0100000003fb0000000e0043006f006e0073006f006c00650100000000000007800000000000000000fc00000000000007800000006900fffffffa000000000100000001fb0000001a0043006f006e0073006f006c00650041006c006c0041006c006c0100000000ffffffff0000006900fffffffb0000001a0043006f006e0073006f006c00650041006c006c0041006c006c0100000000000007800000000000000000000007800000019d00000004000000040000000100000008fc00000000
simulationViewPerspectives: 000000ff000000010000000200000000000006ad0100000002010000000101
sceneTreePerspectives: 000000ff00000001000000030000001e000000c0000000fa0100000002010000000201
minimizedPerspectives: 000000ff00000000fd0000000300000000000001ca0000039ffc0200000001fb00000012005300630065006e0065005400720065006501000000000000039f000000000000000000000001000001b300000338fc0200000001fb0000001400540065007800740045006400690074006f00720100000015000003380000003f00ffffff000000030000078000000095fc0100000002fb0000000e0043006f006e0073006f006c00650100000000000007800000000000000000fb0000001a0043006f006e0073006f006c00650041006c006c0041006c006c0100000000000007800000006900ffffff000005cb0000033800000004000000040000000100000008fc00000000
maximizedDockId: -1
centralWidgetVisible: 1
orthographicViewHeight: 1
textFiles: -1
consoles: Console:All:All
renderingDevicePerspectives: e-puck:camera;1;0.624153;0.00782065;0.0249476
