Webots Project File version R2025a
perspectives: 000000ff00000000fd0000000300000000000001ca0000039ffc0200000001fb00000012005300630065006e0065005400720065006501000000000000039f0000000000000000000000010000021600000338fc0200000001fb0000001400540065007800740045006400690074006f00720100000015000003380000008500ffffff000000030000078000000095fc0100000002fb0000000e0043006f006e0073006f006c00650100000000000007800000000000000000fb0000001a0043006f006e0073006f006c00650041006c006c0041006c006c0100000000000007800000006900ffffff000005680000033800000004000000040000000100000008fc00000000
simulationViewPerspectives: 000000ff0000000100000002000000fc000004cd0100000002010000000101
sceneTreePerspectives: 000000ff00000001000000030000001e000000c0000000fa0100000002010000000201
minimizedPerspectives: 000000ff00000000fd0000000300000000000001ca0000039ffc0200000001fb00000012005300630065006e0065005400720065006501000000000000039f000000000000000000000001000001b300000338fc0200000001fb0000001400540065007800740045006400690074006f00720100000015000003380000003f00ffffff000000030000078000000095fc0100000002fb0000000e0043006f006e0073006f006c00650100000000000007800000000000000000fb0000001a0043006f006e0073006f006c00650041006c006c0041006c006c0100000000000007800000006900ffffff000005cb0000033800000004000000040000000100000008fc00000000
maximizedDockId: -1
centralWidgetVisible: 1
orthographicViewHeight: 1
textFiles: 0 "worlds/Bot Training.wbt" "controllers/ball_motion/ball_motion.py"
consoles: Console:All:All
renderingDevicePerspectives: e-puck:camera;1;0.295833;0.000896861;0.0013089
